 # Derivative distribution function -dV(r)/dr (or -dV(d)/dd) vs d
  0.500000000      -0.00000000    
   1.50000000       2.98953056E-03
   2.50000000      0.187593430    
   3.50000000      0.295964122    
   4.50000000      0.209267557    
   5.50000000      0.144245133    
   6.50000000       5.53064272E-02
   7.50000000       2.01793723E-02
   8.50000000       2.84005981E-02
   9.50000000       3.66218239E-02
   10.5000000       1.94319878E-02
   11.5000000      -0.00000000    
   12.5000000      -0.00000000    
   13.5000000      -0.00000000    
   14.5000000      -0.00000000    
   15.5000000      -0.00000000    
   16.5000000      -0.00000000    
   17.5000000      -0.00000000    
