 # Derivative distribution function -dV(r)/dr (or -dV(d)/dd) vs d
  0.125000000      -0.00000000    
  0.375000000      -0.00000000    
  0.625000000      -0.00000000    
  0.875000000      -0.00000000    
   1.12500000      -0.00000000    
   1.37500000      -0.00000000    
   1.62500000      -0.00000000    
   1.87500000      -0.00000000    
   2.12500000      -0.00000000    
   2.37500000       1.15299225E-03
   2.62500000       9.91582870E-03
   2.87500000       2.32906342E-02
   3.12500000       4.47365046E-02
   3.37500000       6.04174137E-02
   3.62500000       5.81114292E-02
   3.87500000       5.58054447E-02
   4.12500000       5.64972162E-02
   4.37500000       6.45681620E-02
   4.62500000       6.47987127E-02
   4.87500000       5.32687902E-02
   5.12500000       5.37300110E-02
   5.37500000       5.64970970E-02
   5.62500000       5.64972162E-02
   5.87500000       6.38763905E-02
   6.12500000       7.60982037E-02
   6.37500000       8.53222609E-02
   6.62500000       7.93266296E-02
   6.87500000       7.10251331E-02
   7.12500000      0.880433500    
   7.37500000       1.46477568    
   7.62500000      0.619854748    
   7.87500000      -0.00000000    
   8.12500000      -0.00000000    
   8.37500000      -0.00000000    
   8.62500000      -0.00000000    
   8.87500000      -0.00000000    
   9.12500000      -0.00000000    
   9.37500000      -0.00000000    
   9.62500000      -0.00000000    
   9.87500000      -0.00000000    
   10.1250000      -0.00000000    
   10.3750000      -0.00000000    
   10.6250000      -0.00000000    
   10.8750000      -0.00000000    
   11.1250000      -0.00000000    
   11.3750000      -0.00000000    
   11.6250000      -0.00000000    
   11.8750000      -0.00000000    
   12.1250000      -0.00000000    
   12.3750000      -0.00000000    
   12.6250000      -0.00000000    
   12.8750000      -0.00000000    
   13.1250000      -0.00000000    
   13.3750000      -0.00000000    
   13.6250000      -0.00000000    
   13.8750000      -0.00000000    
   14.1250000      -0.00000000    
   14.3750000      -0.00000000    
   14.6250000      -0.00000000    
   14.8750000      -0.00000000    
   15.1250000      -0.00000000    
   15.3750000      -0.00000000    
   15.6250000      -0.00000000    
   15.8750000      -0.00000000    
   16.1250000      -0.00000000    
   16.3750000      -0.00000000    
   16.6250000      -0.00000000    
   16.8750000      -0.00000000    
   17.1250000      -0.00000000    
   17.3750000      -0.00000000    
   17.6250000      -0.00000000    
   17.8750000      -0.00000000    
   18.1250000      -0.00000000    
   18.3750000      -0.00000000    
   18.6250000      -0.00000000    
   18.8750000      -0.00000000    
   19.1250000      -0.00000000    
   19.3750000      -0.00000000    
