 # Derivative distribution function -dV(r)/dr (or -dV(d)/dd) vs d
  0.125000000      -0.00000000    
  0.375000000      -0.00000000    
  0.625000000      -0.00000000    
  0.875000000      -0.00000000    
   1.12500000      -0.00000000    
   1.37500000      -0.00000000    
   1.62500000      -0.00000000    
   1.87500000      -0.00000000    
   2.12500000      -0.00000000    
   2.37500000      -0.00000000    
   2.62500000      -0.00000000    
   2.87500000       1.24895573E-03
   3.12500000       1.39877796E-02
   3.37500000       3.07230949E-02
   3.62500000       3.44698429E-02
   3.87500000       4.57099676E-02
   4.12500000       5.59509993E-02
   4.37500000       5.59509993E-02
   4.62500000       5.29537201E-02
   4.87500000       5.94480038E-02
   5.12500000       8.11789036E-02
   5.37500000       8.21781158E-02
   5.62500000       6.19457960E-02
   5.87500000       5.02060652E-02
   6.12500000       4.22130823E-02
   6.37500000       4.12139893E-02
   6.62500000       4.49606180E-02
   6.87500000       3.44698429E-02
   7.12500000       2.87249088E-02
   7.37500000       2.62269974E-02
   7.62500000       2.74759531E-02
   7.87500000       2.77256966E-02
   8.12500000       2.14812756E-02
   8.37500000       2.09816694E-02
   8.62500000       2.37292051E-02
   8.87500000       2.47284174E-02
   9.12500000       2.04820633E-02
   9.37500000       1.82340145E-02
   9.62500000       2.99737453E-02
   9.87500000       4.82078791E-02
   10.1250000       6.09467030E-02
   10.3750000       6.06968403E-02
   10.6250000       5.69502115E-02
   10.8750000      0.649181962    
   11.1250000       1.34257519    
   11.3750000      0.722867489    
   11.6250000      -0.00000000    
   11.8750000      -0.00000000    
   12.1250000      -0.00000000    
   12.3750000      -0.00000000    
   12.6250000      -0.00000000    
   12.8750000      -0.00000000    
   13.1250000      -0.00000000    
   13.3750000      -0.00000000    
   13.6250000      -0.00000000    
   13.8750000      -0.00000000    
   14.1250000      -0.00000000    
   14.3750000      -0.00000000    
   14.6250000      -0.00000000    
   14.8750000      -0.00000000    
   15.1250000      -0.00000000    
   15.3750000      -0.00000000    
   15.6250000      -0.00000000    
   15.8750000      -0.00000000    
   16.1250000      -0.00000000    
   16.3750000      -0.00000000    
   16.6250000      -0.00000000    
   16.8750000      -0.00000000    
   17.1250000      -0.00000000    
   17.3750000      -0.00000000    
   17.6250000      -0.00000000    
   17.8750000      -0.00000000    
   18.1250000      -0.00000000    
   18.3750000      -0.00000000    
   18.6250000      -0.00000000    
   18.8750000      -0.00000000    
   19.1250000      -0.00000000    
   19.3750000      -0.00000000    
