 # Derivative distribution function -dV(r)/dr (or -dV(d)/dd) vs d
  0.125000000      -0.00000000    
  0.375000000      -0.00000000    
  0.625000000      -0.00000000    
  0.875000000      -0.00000000    
   1.12500000      -0.00000000    
   1.37500000      -0.00000000    
   1.62500000      -0.00000000    
   1.87500000      -0.00000000    
   2.12500000       4.18543816E-04
   2.37500000       5.02252579E-03
   2.62500000       1.96714401E-02
   2.87500000       1.86250210E-02
   3.12500000       1.59045458E-02
   3.37500000       3.64131927E-02
   3.62500000       4.31097746E-02
   3.87500000       3.59945297E-02
   4.12500000       3.91336679E-02
   4.37500000       4.37375307E-02
   4.62500000       3.97614241E-02
   4.87500000       4.35283184E-02
   5.12500000      0.144396782    
   5.37500000      0.128910780    
   5.62500000       2.02991962E-02
   5.87500000       2.26012468E-02
   6.12500000       2.84608603E-02
   6.37500000       3.49481106E-02
   6.62500000       3.30647230E-02
   6.87500000       3.30648422E-02
   7.12500000       3.03442478E-02
   7.37500000       2.76237726E-02
   7.62500000       2.78329849E-02
   7.87500000       2.21825838E-02
   8.12500000       2.90887356E-02
   8.37500000       3.18092108E-02
   8.62500000       3.82964611E-02
   8.87500000       4.39468622E-02
   9.12500000       3.64130735E-02
   9.37500000       4.20633554E-02
   9.62500000       5.10621071E-02
   9.87500000       5.90143204E-02
   10.1250000       5.79680204E-02
   10.3750000       5.75494766E-02
   10.6250000      0.399079144    
   10.8750000      0.499947667    
   11.1250000      0.143141150    
   11.3750000       2.05085278E-02
   11.6250000       2.05085278E-02
   11.8750000       1.88343525E-02
   12.1250000       2.42754221E-02
   12.3750000      0.210526347    
   12.6250000      0.757769167    
   12.8750000      0.563147426    
   13.1250000      -0.00000000    
   13.3750000      -0.00000000    
   13.6250000      -0.00000000    
   13.8750000      -0.00000000    
   14.1250000      -0.00000000    
   14.3750000      -0.00000000    
   14.6250000      -0.00000000    
   14.8750000      -0.00000000    
   15.1250000      -0.00000000    
   15.3750000      -0.00000000    
   15.6250000      -0.00000000    
   15.8750000      -0.00000000    
   16.1250000      -0.00000000    
   16.3750000      -0.00000000    
   16.6250000      -0.00000000    
   16.8750000      -0.00000000    
   17.1250000      -0.00000000    
   17.3750000      -0.00000000    
   17.6250000      -0.00000000    
   17.8750000      -0.00000000    
   18.1250000      -0.00000000    
   18.3750000      -0.00000000    
   18.6250000      -0.00000000    
   18.8750000      -0.00000000    
   19.1250000      -0.00000000    
   19.3750000      -0.00000000    
