 # Derivative distribution function -dV(r)/dr (or -dV(d)/dd) vs d
  0.125000000      -0.00000000    
  0.375000000      -0.00000000    
  0.625000000      -0.00000000    
  0.875000000      -0.00000000    
   1.12500000      -0.00000000    
   1.37500000      -0.00000000    
   1.62500000      -0.00000000    
   1.87500000      -0.00000000    
   2.12500000      -0.00000000    
   2.37500000       3.14199924E-03
   2.62500000       1.88521147E-02
   2.87500000       1.94805861E-02
   3.12500000       1.46627426E-02
   3.37500000       3.49811316E-02
   3.62500000       4.31504250E-02
   3.87500000       3.58189344E-02
   4.12500000       3.62379551E-02
   4.37500000       3.95895243E-02
   4.62500000       3.87516022E-02
   4.87500000       4.25219536E-02
   5.12500000      0.143694997    
   5.37500000      0.129870176    
   5.62500000       2.22035646E-02
   5.87500000       2.22035646E-02
   6.12500000       2.53456831E-02
   6.37500000       3.03728580E-02
   6.62500000       2.74403095E-02
   6.87500000       2.89065838E-02
   7.12500000       2.78592110E-02
   7.37500000       2.42983103E-02
   7.62500000       2.72308588E-02
   7.87500000       2.59740353E-02
   8.12500000       3.01632881E-02
   8.37500000       3.49811316E-02
   8.62500000       3.95895243E-02
   8.87500000       4.37787771E-02
   9.12500000       4.04273272E-02
   9.37500000       4.27314043E-02
   9.62500000       5.23669720E-02
   9.87500000       5.86510897E-02
   10.1250000       5.40426970E-02
   10.3750000       5.67657948E-02
   10.6250000      0.395056546    
   10.8750000      0.492878079    
   11.1250000      0.142019272    
   11.3750000       2.28320360E-02
   11.6250000       2.22036242E-02
   11.8750000       2.45077610E-02
   12.1250000       2.45077610E-02
   12.3750000      0.213447809    
   12.6250000      0.774193525    
   12.8750000      0.572266459    
   13.1250000      -0.00000000    
   13.3750000      -0.00000000    
   13.6250000      -0.00000000    
   13.8750000      -0.00000000    
   14.1250000      -0.00000000    
   14.3750000      -0.00000000    
   14.6250000      -0.00000000    
   14.8750000      -0.00000000    
   15.1250000      -0.00000000    
   15.3750000      -0.00000000    
   15.6250000      -0.00000000    
   15.8750000      -0.00000000    
   16.1250000      -0.00000000    
   16.3750000      -0.00000000    
   16.6250000      -0.00000000    
   16.8750000      -0.00000000    
   17.1250000      -0.00000000    
   17.3750000      -0.00000000    
   17.6250000      -0.00000000    
   17.8750000      -0.00000000    
   18.1250000      -0.00000000    
   18.3750000      -0.00000000    
   18.6250000      -0.00000000    
   18.8750000      -0.00000000    
   19.1250000      -0.00000000    
   19.3750000      -0.00000000    
