 # Derivative distribution function -dV(r)/dr (or -dV(d)/dd) vs d
  0.125000000      -0.00000000    
  0.375000000      -0.00000000    
  0.625000000      -0.00000000    
  0.875000000      -0.00000000    
   1.12500000      -0.00000000    
   1.37500000      -0.00000000    
   1.62500000      -0.00000000    
   1.87500000      -0.00000000    
   2.12500000      -0.00000000    
   2.37500000      -0.00000000    
   2.62500000       1.03414059E-03
   2.87500000       2.48193741E-03
   3.12500000       5.99789619E-03
   3.37500000       1.73733234E-02
   3.62500000       2.29575634E-02
   3.87500000       2.62668133E-02
   4.12500000       2.85419226E-02
   4.37500000       2.00619698E-02
   4.62500000       1.96484327E-02
   4.87500000       2.37848759E-02
   5.12500000       2.15097666E-02
   5.37500000       2.02689171E-02
   5.62500000       2.06825733E-02
   5.87500000       1.79938078E-02
   6.12500000       1.71664953E-02
   6.37500000       1.61323547E-02
   6.62500000       1.46845579E-02
   6.87500000       1.61323547E-02
   7.12500000       1.55118704E-02
   7.37500000       1.84074640E-02
   7.62500000       2.13030577E-02
   7.87500000       2.19235420E-02
   8.12500000       2.46121883E-02
   8.37500000       2.41985321E-02
   8.62500000       2.39917040E-02
   8.87500000       2.48190165E-02
   9.12500000       2.31643915E-02
   9.37500000       2.04756260E-02
   9.62500000       1.90279484E-02
   9.87500000       1.79938078E-02
   10.1250000       2.04757452E-02
   10.3750000       2.39917040E-02
   10.6250000       2.15097666E-02
   10.8750000       2.10962296E-02
   11.1250000       2.25440264E-02
   11.3750000      0.495553255    
   11.6250000      0.494105458    
   11.8750000       2.19234228E-02
   12.1250000       2.33712196E-02
   12.3750000       1.94416046E-02
   12.6250000       1.90279484E-02
   12.8750000       1.82006359E-02
   13.1250000       1.11685991E-02
   13.3750000       9.51397419E-03
   13.6250000       1.46845579E-02
   13.8750000       1.48913860E-02
   14.1250000       1.34435892E-02
   14.3750000       2.50258446E-02
   14.6250000      0.817373395    
   14.8750000       1.06204760    
   15.1250000      0.262461215    
   15.3750000      -0.00000000    
   15.6250000      -0.00000000    
   15.8750000      -0.00000000    
   16.1250000      -0.00000000    
   16.3750000      -0.00000000    
   16.6250000      -0.00000000    
   16.8750000      -0.00000000    
   17.1250000      -0.00000000    
   17.3750000      -0.00000000    
   17.6250000      -0.00000000    
   17.8750000      -0.00000000    
   18.1250000      -0.00000000    
   18.3750000      -0.00000000    
   18.6250000      -0.00000000    
   18.8750000      -0.00000000    
   19.1250000      -0.00000000    
   19.3750000      -0.00000000    
