 # Derivative distribution function -dV(r)/dr (or -dV(d)/dd) vs d
  0.125000000      -0.00000000    
  0.375000000      -0.00000000    
  0.625000000      -0.00000000    
  0.875000000      -0.00000000    
   1.12500000      -0.00000000    
   1.37500000      -0.00000000    
   1.62500000      -0.00000000    
   1.87500000      -0.00000000    
   2.12500000      -0.00000000    
   2.37500000       8.44836235E-03
   2.62500000       8.44836235E-03
   2.87500000       3.91507149E-03
   3.12500000       8.44836235E-03
   3.37500000       1.48361921E-02
   3.62500000       1.85452700E-02
   3.87500000       2.24603415E-02
   4.12500000       3.07027102E-02
   4.37500000       2.74057388E-02
   4.62500000       2.16360092E-02
   4.87500000       2.14300156E-02
   5.12500000       1.95755959E-02
   5.37500000       1.81331635E-02
   5.62500000       1.87512636E-02
   5.87500000       2.01936960E-02
   6.12500000       1.99875832E-02
   6.37500000       2.26663351E-02
   6.62500000       2.10180283E-02
   6.87500000       1.44240856E-02
   7.12500000       1.38058662E-02
   7.37500000       1.58665180E-02
   7.62500000       1.97815895E-02
   7.87500000       2.18421221E-02
   8.12500000       2.30784416E-02
   8.37500000       2.28724480E-02
   8.62500000       2.74057388E-02
   8.87500000       2.88481712E-02
   9.12500000       2.84360647E-02
   9.37500000       2.80239582E-02
   9.62500000       2.18421221E-02
   9.87500000       1.93693638E-02
   10.1250000       2.55511999E-02
   10.3750000       2.43148804E-02
   10.6250000       1.44240856E-02
   10.8750000       1.56604052E-02
   11.1250000       1.81331635E-02
   11.3750000      0.503606081    
   11.6250000      0.503399849    
   11.8750000       1.85451508E-02
   12.1250000       2.06059217E-02
   12.3750000       1.81331635E-02
   12.6250000       1.64846182E-02
   12.8750000       1.66907310E-02
   13.1250000       1.13332272E-02
   13.3750000       1.11271143E-02
   13.6250000       1.48360729E-02
   13.8750000       1.48361921E-02
   14.1250000       1.56605244E-02
   14.3750000       2.51390934E-02
   14.6250000      0.794766068    
   14.8750000       1.04121161    
   15.1250000      0.263342261    
   15.3750000      -0.00000000    
   15.6250000      -0.00000000    
   15.8750000      -0.00000000    
   16.1250000      -0.00000000    
   16.3750000      -0.00000000    
   16.6250000      -0.00000000    
   16.8750000      -0.00000000    
   17.1250000      -0.00000000    
   17.3750000      -0.00000000    
   17.6250000      -0.00000000    
   17.8750000      -0.00000000    
   18.1250000      -0.00000000    
   18.3750000      -0.00000000    
   18.6250000      -0.00000000    
   18.8750000      -0.00000000    
   19.1250000      -0.00000000    
   19.3750000      -0.00000000    
